360
     0.000000    0.000000
     0.005594   -0.012331
     0.011183   -0.016857
     0.016771   -0.020096
     0.022359   -0.022665
     0.027947   -0.024804
     0.033535   -0.026638
     0.039122   -0.028239
     0.044710   -0.029655
     0.050297   -0.030919
     0.055884   -0.032056
     0.061471   -0.033083
     0.067058   -0.034016
     0.072645   -0.034864
     0.078231   -0.035639
     0.083818   -0.036347
     0.089405   -0.036994
     0.094992   -0.037587
     0.100578   -0.038130
     0.106165   -0.038627
     0.111751   -0.039081
     0.117338   -0.039496
     0.122924   -0.039874
     0.128511   -0.040219
     0.134097   -0.040531
     0.139684   -0.040814
     0.145270   -0.041068
     0.150857   -0.041297
     0.156443   -0.041500
     0.162029   -0.041680
     0.167616   -0.041838
     0.173202   -0.041976
     0.178788   -0.042093
     0.184375   -0.042191
     0.189961   -0.042272
     0.195547   -0.042336
     0.201133   -0.042384
     0.206720   -0.042416
     0.212306   -0.042434
     0.217892   -0.042438
     0.223478   -0.042429
     0.229064   -0.042408
     0.234650   -0.042374
     0.240237   -0.042329
     0.245823   -0.042273
     0.251409   -0.042207
     0.256995   -0.042132
     0.262581   -0.042047
     0.268167   -0.041953
     0.273754   -0.041850
     0.279340   -0.041740
     0.284926   -0.041621
     0.290512   -0.041496
     0.296098   -0.041364
     0.301684   -0.041225
     0.307270   -0.041080
     0.312856   -0.040929
     0.318443   -0.040773
     0.324029   -0.040611
     0.329615   -0.040444
     0.335201   -0.040273
     0.340787   -0.040097
     0.346373   -0.039918
     0.351959   -0.039734
     0.357545   -0.039547
     0.363132   -0.039356
     0.368718   -0.039162
     0.374304   -0.038966
     0.379890   -0.038766
     0.385476   -0.038565
     0.391062   -0.038361
     0.396648   -0.038155
     0.402235   -0.037946
     0.407821   -0.037733
     0.413407   -0.037514
     0.418994   -0.037289
     0.424580   -0.037058
     0.430167   -0.036823
     0.435753   -0.036582
     0.441339   -0.036336
     0.446926   -0.036086
     0.452512   -0.035831
     0.458099   -0.035571
     0.463685   -0.035307
     0.469271   -0.035039
     0.474858   -0.034767
     0.480444   -0.034491
     0.486031   -0.034211
     0.491617   -0.033928
     0.497203   -0.033641
     0.502790   -0.033350
     0.508376   -0.033056
     0.513963   -0.032759
     0.519549   -0.032459
     0.525136   -0.032156
     0.530722   -0.031850
     0.536309   -0.031542
     0.541895   -0.031230
     0.547481   -0.030916
     0.553068   -0.030600
     0.558654   -0.030281
     0.564241   -0.029960
     0.569827   -0.029637
     0.575414   -0.029311
     0.581000   -0.028984
     0.586587   -0.028654
     0.592173   -0.028323
     0.597760   -0.027990
     0.603346   -0.027655
     0.608933   -0.027318
     0.614519   -0.026980
     0.620106   -0.026640
     0.625692   -0.026298
     0.631279   -0.025956
     0.636865   -0.025611
     0.642452   -0.025266
     0.648038   -0.024919
     0.653625   -0.024571
     0.659211   -0.024221
     0.664798   -0.023871
     0.670384   -0.023519
     0.675971   -0.023167
     0.681558   -0.022813
     0.687144   -0.022458
     0.692731   -0.022103
     0.698317   -0.021746
     0.703904   -0.021389
     0.709490   -0.021030
     0.715077   -0.020671
     0.720664   -0.020311
     0.726250   -0.019950
     0.731837   -0.019589
     0.737423   -0.019227
     0.743010   -0.018863
     0.748596   -0.018500
     0.754183   -0.018135
     0.759770   -0.017770
     0.765356   -0.017404
     0.770943   -0.017037
     0.776530   -0.016670
     0.782116   -0.016302
     0.787703   -0.015933
     0.793290   -0.015564
     0.798876   -0.015194
     0.804463   -0.014823
     0.810049   -0.014452
     0.815636   -0.014080
     0.821223   -0.013707
     0.826809   -0.013334
     0.832396   -0.012959
     0.837983   -0.012584
     0.843570   -0.012209
     0.849156   -0.011832
     0.854743   -0.011455
     0.860330   -0.011077
     0.865916   -0.010698
     0.871503   -0.010318
     0.877090   -0.009937
     0.882677   -0.009555
     0.888263   -0.009173
     0.893850   -0.008789
     0.899437   -0.008405
     0.905024   -0.008019
     0.910610   -0.007632
     0.916197   -0.007244
     0.921784   -0.006855
     0.927371   -0.006465
     0.932957   -0.006073
     0.938544   -0.005681
     0.944131   -0.005286
     0.949718   -0.004891
     0.955305   -0.004494
     0.960892   -0.004096
     0.966478   -0.003696
     0.972065   -0.003294
     0.977652   -0.002891
     0.983239   -0.002486
     0.988826   -0.002079
     0.994413   -0.001670
     1.000000   -0.001260
     1.000000    0.001260
     0.994414    0.002412
     0.988828    0.003555
     0.983242    0.004689
     0.977655    0.005815
     0.972069    0.006932
     0.966483    0.008040
     0.960896    0.009140
     0.955310    0.010231
     0.949723    0.011314
     0.944137    0.012389
     0.938551    0.013455
     0.932964    0.014513
     0.927378    0.015562
     0.921792    0.016604
     0.916205    0.017637
     0.910619    0.018662
     0.905032    0.019680
     0.899446    0.020689
     0.893859    0.021690
     0.888273    0.022683
     0.882687    0.023669
     0.877100    0.024646
     0.871514    0.025616
     0.865927    0.026577
     0.860341    0.027531
     0.854754    0.028477
     0.849168    0.029416
     0.843581    0.030347
     0.837995    0.031270
     0.832408    0.032185
     0.826822    0.033092
     0.821235    0.033992
     0.815649    0.034885
     0.810062    0.035769
     0.804476    0.036646
     0.798889    0.037516
     0.793303    0.038377
     0.787716    0.039231
     0.782130    0.040078
     0.776543    0.040917
     0.770956    0.041748
     0.765370    0.042572
     0.759783    0.043388
     0.754197    0.044196
     0.748610    0.044997
     0.743024    0.045790
     0.737437    0.046576
     0.731850    0.047353
     0.726264    0.048123
     0.720677    0.048886
     0.715091    0.049640
     0.709504    0.050387
     0.703917    0.051126
     0.698331    0.051858
     0.692744    0.052581
     0.687158    0.053297
     0.681571    0.054004
     0.675984    0.054704
     0.670398    0.055396
     0.664811    0.056080
     0.659224    0.056755
     0.653638    0.057423
     0.648051    0.058083
     0.642464    0.058734
     0.636878    0.059377
     0.631291    0.060012
     0.625704    0.060638
     0.620118    0.061257
     0.614531    0.061866
     0.608944    0.062467
     0.603358    0.063060
     0.597771    0.063644
     0.592184    0.064219
     0.586598    0.064786
     0.581011    0.065343
     0.575424    0.065892
     0.569837    0.066432
     0.564251    0.066963
     0.558664    0.067484
     0.553077    0.067996
     0.547491    0.068499
     0.541904    0.068993
     0.536317    0.069477
     0.530730    0.069951
     0.525144    0.070416
     0.519557    0.070871
     0.513970    0.071316
     0.508383    0.071751
     0.502797    0.072176
     0.497210    0.072591
     0.491623    0.072995
     0.486036    0.073389
     0.480450    0.073772
     0.474863    0.074145
     0.469276    0.074506
     0.463689    0.074857
     0.458103    0.075196
     0.452516    0.075524
     0.446929    0.075841
     0.441342    0.076147
     0.435755    0.076440
     0.430169    0.076722
     0.424582    0.076991
     0.418995    0.077249
     0.413408    0.077494
     0.407822    0.077726
     0.402235    0.077946
     0.396648    0.078152
     0.391061    0.078341
     0.385474    0.078512
     0.379887    0.078665
     0.374300    0.078801
     0.368713    0.078918
     0.363125    0.079016
     0.357538    0.079096
     0.351951    0.079157
     0.346364    0.079199
     0.340777    0.079221
     0.335190    0.079223
     0.329603    0.079206
     0.324016    0.079168
     0.318429    0.079109
     0.312842    0.079030
     0.307255    0.078930
     0.301668    0.078808
     0.296081    0.078664
     0.290494    0.078499
     0.284907    0.078310
     0.279320    0.078099
     0.273732    0.077865
     0.268145    0.077607
     0.262558    0.077325
     0.256971    0.077018
     0.251384    0.076687
     0.245797    0.076330
     0.240210    0.075947
     0.234623    0.075538
     0.229036    0.075102
     0.223449    0.074638
     0.217862    0.074146
     0.212275    0.073625
     0.206688    0.073075
     0.201101    0.072495
     0.195514    0.071884
     0.189927    0.071241
     0.184341    0.070566
     0.178754    0.069857
     0.173167    0.069114
     0.167580    0.068336
     0.161993    0.067521
     0.156406    0.066668
     0.150819    0.065776
     0.145233    0.064844
     0.139646    0.063870
     0.134059    0.062852
     0.128472    0.061789
     0.122886    0.060679
     0.117299    0.059519
     0.111712    0.058306
     0.106126    0.057039
     0.100539    0.055714
     0.094952    0.054327
     0.089366    0.052874
     0.083780    0.051351
     0.078193    0.049752
     0.072607    0.048071
     0.067020    0.046300
     0.061434    0.044430
     0.055848    0.042449
     0.050262    0.040343
     0.044676    0.038094
     0.039090    0.035678
     0.033504    0.033061
     0.027919    0.030196
     0.022333    0.027009
     0.016748    0.023377
     0.011163    0.019061
     0.005579    0.013441
     0.000000    0.000000
