NACA 4415                                       
 Alfa =   5.00000 Re =  1000000.000 Xflap,Yflap =     0.000000    0.000000
#    x        y        Cp  
   1.00000  0.00158  0.20593
   0.99329  0.00364  0.19548
   0.98206  0.00704  0.17404
   0.96938  0.01082  0.14558
   0.95536  0.01493  0.11015
   0.94019  0.01927  0.06904
   0.92413  0.02376  0.02422
   0.90746  0.02832 -0.02192
   0.89036  0.03287 -0.06787
   0.87299  0.03738 -0.11268
   0.85545  0.04181 -0.15584
   0.83779  0.04614 -0.19715
   0.82005  0.05037 -0.23701
   0.80226  0.05450 -0.27527
   0.78443  0.05850 -0.31233
   0.76657  0.06240 -0.34834
   0.74868  0.06617 -0.38332
   0.73078  0.06982 -0.41766
   0.71286  0.07334 -0.45142
   0.69494  0.07675 -0.48450
   0.67701  0.08002 -0.51729
   0.65908  0.08317 -0.54990
   0.64115  0.08618 -0.58210
   0.62323  0.08906 -0.61423
   0.60532  0.09181 -0.64600
   0.58742  0.09441 -0.67799
   0.56953  0.09688 -0.70938
   0.55168  0.09920 -0.74099
   0.53385  0.10136 -0.77201
   0.51605  0.10338 -0.80219
   0.49830  0.10524 -0.83149
   0.48060  0.10693 -0.85890
   0.46296  0.10846 -0.88601
   0.44542  0.10982 -0.92783
   0.42799  0.11100 -1.05394
   0.41072  0.11200 -1.15008
   0.39368  0.11281 -1.17031
   0.37690  0.11338 -1.19221
   0.36029  0.11368 -1.21677
   0.34382  0.11372 -1.24412
   0.32749  0.11350 -1.27324
   0.31128  0.11302 -1.30293
   0.29519  0.11227 -1.33191
   0.27924  0.11125 -1.35967
   0.26344  0.10996 -1.38578
   0.24780  0.10840 -1.40987
   0.23234  0.10657 -1.43219
   0.21708  0.10446 -1.45203
   0.20207  0.10207 -1.46998
   0.18733  0.09942 -1.48567
   0.17290  0.09651 -1.49897
   0.15886  0.09335 -1.51009
   0.14526  0.08997 -1.51901
   0.13218  0.08640 -1.52546
   0.11970  0.08266 -1.52990
   0.10790  0.07881 -1.53229
   0.09685  0.07489 -1.53274
   0.08662  0.07095 -1.53124
   0.07721  0.06705 -1.52828
   0.06864  0.06323 -1.52351
   0.06088  0.05951 -1.51719
   0.05387  0.05591 -1.50929
   0.04757  0.05245 -1.49998
   0.04190  0.04912 -1.48820
   0.03680  0.04592 -1.47431
   0.03222  0.04284 -1.45854
   0.02808  0.03988 -1.43832
   0.02436  0.03702 -1.41517
   0.02099  0.03425 -1.38741
   0.01796  0.03157 -1.35378
   0.01522  0.02896 -1.31387
   0.01275  0.02641 -1.26573
   0.01053  0.02391 -1.20833
   0.00855  0.02146 -1.13997
   0.00679  0.01905 -1.05835
   0.00525  0.01667 -0.96057
   0.00391  0.01433 -0.84770
   0.00277  0.01201 -0.71436
   0.00183  0.00972 -0.56455
   0.00109  0.00747 -0.39659
   0.00054  0.00524 -0.21539
   0.00019  0.00306 -0.02584
   0.00002  0.00093  0.16385
   0.00003 -0.00115  0.34342
   0.00022 -0.00327  0.51917
   0.00063 -0.00540  0.67802
   0.00126 -0.00754  0.81469
   0.00213 -0.00966  0.91636
   0.00325 -0.01174  0.98117
   0.00461 -0.01376  1.00844
   0.00621 -0.01572  1.00421
   0.00804 -0.01760  0.97584
   0.01011 -0.01941  0.93148
   0.01240 -0.02114  0.87734
   0.01493 -0.02281  0.81833
   0.01769 -0.02441  0.75839
   0.02071 -0.02594  0.69899
   0.02400 -0.02742  0.64250
   0.02757 -0.02885  0.58900
   0.03147 -0.03023  0.53926
   0.03573 -0.03156  0.49266
   0.04040 -0.03285  0.45031
   0.04552 -0.03410  0.41075
   0.05118 -0.03529  0.37509
   0.05743 -0.03644  0.34214
   0.06438 -0.03754  0.31281
   0.07213 -0.03857  0.28627
   0.08077 -0.03952  0.26298
   0.09041 -0.04037  0.24232
   0.10114 -0.04110  0.22482
   0.11301 -0.04170  0.21034
   0.12603 -0.04213  0.19871
   0.14016 -0.04238  0.18952
   0.15529 -0.04244  0.18322
   0.17130 -0.04232  0.17884
   0.18806 -0.04202  0.17642
   0.20543 -0.04156  0.17530
   0.22330 -0.04096  0.17532
   0.24158 -0.04025  0.17609
   0.26020 -0.03944  0.17731
   0.27909 -0.03855  0.17883
   0.29820 -0.03761  0.18035
   0.31747 -0.03664  0.18150
   0.33684 -0.03565  0.18240
   0.35622 -0.03467  0.18232
   0.37557 -0.03371  0.18137
   0.39487 -0.03278  0.17800
   0.41412 -0.03186  0.17231
   0.43337 -0.03090  0.16936
   0.45266 -0.02990  0.16777
   0.47199 -0.02885  0.16716
   0.49138 -0.02777  0.16714
   0.51082 -0.02667  0.16759
   0.53032 -0.02555  0.16832
   0.54986 -0.02441  0.16922
   0.56943 -0.02327  0.17030
   0.58901 -0.02213  0.17138
   0.60859 -0.02099  0.17247
   0.62815 -0.01985  0.17353
   0.64769 -0.01873  0.17459
   0.66721 -0.01762  0.17554
   0.68670 -0.01653  0.17639
   0.70619 -0.01546  0.17728
   0.72565 -0.01441  0.17805
   0.74510 -0.01337  0.17867
   0.76455 -0.01236  0.17928
   0.78398 -0.01137  0.17993
   0.80340 -0.01040  0.18046
   0.82279 -0.00945  0.18119
   0.84214 -0.00853  0.18188
   0.86141 -0.00763  0.18280
   0.88053 -0.00675  0.18401
   0.89939 -0.00590  0.18550
   0.91781 -0.00509  0.18761
   0.93552 -0.00432  0.19030
   0.95217 -0.00360  0.19380
   0.96743 -0.00295  0.19799
   0.98105 -0.00237  0.20245
   0.99296 -0.00187  0.20735
   1.00000 -0.00158  0.20593
