NACA 2412                                       
 Alfa =   0.00000 Re =   500000.000 Xflap,Yflap =     0.000000    0.000000
#    x        y        Cp  
   1.00000  0.00126  0.47780
   0.99913  0.00144  0.40413
   0.99776  0.00172  0.36025
   0.99629  0.00203  0.31907
   0.99473  0.00235  0.30245
   0.99305  0.00269  0.27868
   0.99123  0.00306  0.26060
   0.98926  0.00347  0.24114
   0.98709  0.00391  0.22568
   0.98471  0.00439  0.20897
   0.98205  0.00493  0.19298
   0.97906  0.00553  0.17889
   0.97564  0.00622  0.16070
   0.97166  0.00701  0.14254
   0.96693  0.00795  0.12475
   0.96114  0.00909  0.10547
   0.95382  0.01052  0.08240
   0.94416  0.01238  0.05562
   0.93085  0.01491  0.02467
   0.91238  0.01834 -0.01416
   0.88845  0.02265 -0.05602
   0.86102  0.02741 -0.09793
   0.83217  0.03222 -0.13650
   0.80287  0.03690 -0.17248
   0.77344  0.04138 -0.20596
   0.74396  0.04566 -0.23713
   0.71449  0.04972 -0.26706
   0.68505  0.05356 -0.29614
   0.65567  0.05718 -0.32413
   0.62638  0.06056 -0.35158
   0.59720  0.06370 -0.37882
   0.56817  0.06659 -0.40559
   0.53930  0.06922 -0.43236
   0.51062  0.07158 -0.45932
   0.48219  0.07365 -0.48613
   0.45404  0.07544 -0.51384
   0.42628  0.07691 -0.54205
   0.39920  0.07806 -0.57605
   0.37311  0.07883 -0.60851
   0.34765  0.07919 -0.63106
   0.32265  0.07916 -0.65158
   0.29811  0.07872 -0.66774
   0.27403  0.07788 -0.68076
   0.25049  0.07663 -0.69056
   0.22754  0.07498 -0.69584
   0.20527  0.07293 -0.69777
   0.18378  0.07049 -0.69487
   0.16322  0.06770 -0.68803
   0.14377  0.06459 -0.67597
   0.12566  0.06123 -0.65856
   0.10917  0.05773 -0.63687
   0.09453  0.05421 -0.61061
   0.08186  0.05080 -0.58153
   0.07110  0.04760 -0.54972
   0.06207  0.04464 -0.51656
   0.05450  0.04195 -0.48280
   0.04811  0.03949 -0.44742
   0.04267  0.03724 -0.41149
   0.03800  0.03518 -0.37645
   0.03394  0.03327 -0.33869
   0.03038  0.03149 -0.30032
   0.02723  0.02982 -0.26417
   0.02442  0.02824 -0.22041
   0.02190  0.02674 -0.18057
   0.01963  0.02531 -0.13762
   0.01756  0.02393 -0.09149
   0.01568  0.02261 -0.04462
   0.01397  0.02133  0.00601
   0.01239  0.02008  0.05491
   0.01095  0.01887  0.11186
   0.00962  0.01768  0.16677
   0.00840  0.01651  0.22718
   0.00729  0.01537  0.29051
   0.00626  0.01424  0.35525
   0.00533  0.01312  0.42036
   0.00447  0.01202  0.49146
   0.00370  0.01092  0.56400
   0.00301  0.00984  0.63062
   0.00239  0.00876  0.70430
   0.00184  0.00769  0.77335
   0.00137  0.00663  0.83808
   0.00097  0.00558  0.90201
   0.00065  0.00454  0.95351
   0.00039  0.00351  1.00084
   0.00020  0.00249  1.03577
   0.00007  0.00149  1.05940
   0.00001  0.00051  1.07078
   0.00001 -0.00045  1.06951
   0.00007 -0.00143  1.05551
   0.00019 -0.00242  1.02596
   0.00038 -0.00342  0.98456
   0.00065 -0.00443  0.92720
   0.00099 -0.00544  0.85814
   0.00142 -0.00645  0.78074
   0.00192 -0.00746  0.69135
   0.00250 -0.00847  0.60632
   0.00316 -0.00946  0.51197
   0.00390 -0.01044  0.42274
   0.00473 -0.01142  0.33563
   0.00564 -0.01238  0.25357
   0.00663 -0.01334  0.17540
   0.00771 -0.01428  0.10425
   0.00888 -0.01522  0.04223
   0.01015 -0.01615 -0.02045
   0.01151 -0.01708 -0.07372
   0.01299 -0.01801 -0.11932
   0.01458 -0.01893 -0.16412
   0.01630 -0.01986 -0.19897
   0.01817 -0.02080 -0.23521
   0.02020 -0.02174 -0.26445
   0.02241 -0.02269 -0.29041
   0.02483 -0.02366 -0.31123
   0.02750 -0.02465 -0.33087
   0.03045 -0.02566 -0.34850
   0.03375 -0.02671 -0.36188
   0.03746 -0.02779 -0.37236
   0.04167 -0.02891 -0.37984
   0.04652 -0.03008 -0.38672
   0.05216 -0.03132 -0.38920
   0.05884 -0.03262 -0.38924
   0.06684 -0.03398 -0.38605
   0.07656 -0.03542 -0.37982
   0.08845 -0.03689 -0.36924
   0.10293 -0.03835 -0.35473
   0.12025 -0.03970 -0.33617
   0.14032 -0.04085 -0.31450
   0.16283 -0.04170 -0.29039
   0.18735 -0.04224 -0.26571
   0.21353 -0.04244 -0.24027
   0.24108 -0.04232 -0.21574
   0.26980 -0.04192 -0.19174
   0.29953 -0.04128 -0.16935
   0.33013 -0.04043 -0.14867
   0.36144 -0.03941 -0.13001
   0.39312 -0.03829 -0.11710
   0.42438 -0.03707 -0.10912
   0.45554 -0.03569 -0.09492
   0.48695 -0.03416 -0.08065
   0.51869 -0.03251 -0.06516
   0.55074 -0.03073 -0.05043
   0.58306 -0.02886 -0.03550
   0.61560 -0.02691 -0.02097
   0.64834 -0.02490 -0.00650
   0.68124 -0.02283  0.00775
   0.71424 -0.02073  0.02208
   0.74732 -0.01858  0.03658
   0.78042 -0.01641  0.05146
   0.81347 -0.01422  0.06760
   0.84620 -0.01203  0.08502
   0.87771 -0.00990  0.10459
   0.90556 -0.00798  0.12590
   0.92687 -0.00650  0.14619
   0.94174 -0.00546  0.16396
   0.95222 -0.00471  0.17957
   0.95999 -0.00416  0.19189
   0.96605 -0.00373  0.20457
   0.97097 -0.00337  0.21616
   0.97508 -0.00308  0.22578
   0.97860 -0.00282  0.23848
   0.98167 -0.00260  0.24947
   0.98440 -0.00240  0.25865
   0.98684 -0.00222  0.27081
   0.98904 -0.00206  0.28202
   0.99106 -0.00192  0.29734
   0.99291 -0.00178  0.30858
   0.99463 -0.00165  0.32850
   0.99622 -0.00154  0.34737
   0.99771 -0.00143  0.37179
   0.99911 -0.00133  0.42089
   1.00000 -0.00126  0.47780
